0.999872 -0.335296 -0.110534 0.0880236 -0.109197 0.0863647 -0.154363 0.0224018 
-0.335296 1.00002 0.0936262 -0.114176 0.0914574 -0.112348 0.0278672 -0.152123 
-0.110534 0.0936262 0.999981 -0.0119549 0.698988 -0.0182953 0.25608 0.000598405 
0.0880236 -0.114176 -0.0119549 0.999979 -0.022701 0.70152 0.00512939 0.25452 
-0.109197 0.0914574 0.698988 -0.022701 0.999981 -0.0199909 -0.154942 -0.0105621 
0.0863647 -0.112348 -0.0182953 0.70152 -0.0199909 0.999977 -0.00595454 -0.15331 
-0.154363 0.0278672 0.25608 0.00512939 -0.154942 -0.00595454 0.999241 0.0204741 
0.0224018 -0.152123 0.000598405 0.25452 -0.0105621 -0.15331 0.0204741 0.999609 
